22.0 8.4853 8.4853 0 
21.002009482239124 8.599841972147683 8.374387800326653 -1.9573623236319548 
20.009004894654428 8.773641981708309 8.217551604633762 -2.5868884951751525 
19.01912666400095 8.963961817509837 8.05694813996273 -2.382873906375096 
18.02605896529398 24.319839664521684 7.9338673950232 -1.357802009730861 
17.04586302533629 41.19627020603026 8.648780102467585 14.19528035612192 
16.141895351837373 38.74358645497867 9.486580088598146 11.485634562189027 
15.306374506243982 36.62709603299336 10.629652876426952 11.485870431929158 
14.534923348850894 34.77512184506257 12.187912021774554 11.537583937861271 
14.011765572610846 32.56452138823127 14.717956438548834 17.466015901737258 
13.408165126074781 31.175493158524667 13.305589067957198 11.856888224751934 
13.250932434902362 29.50845213012128 11.952133864630644 20.04570894706152 
13.26051843230795 28.258152829314973 10.895517229033624 18.926069686095204 
13.11667706384552 27.360666715569362 10.047500245291463 13.428061407248244 
13.125122476195543 26.582393070723516 9.322625238725156 13.626144943091198 
13.380132277486718 25.924890895807057 8.719750102746534 14.349387152147422 
13.978533698214008 23.612171084784926 8.242618240479096 15.000430659389266 
28.016805828719527 16.95388426570827 7.914904121984811 16.514648857710476 
26.065641441317528 14.984509463650586 7.613059881706287 11.338640129789425 
24.358285998331592 13.705644005192436 7.377079960120615 10.6269996431067 
22.85550760433005 12.868237547338952 7.1900000749108 9.496953195809652 
21.508647436646267 12.320910436016975 7.0361934557747245 8.188879453407488 
20.27051633222953 11.955110669869827 6.906328717277772 6.9815779541633205 
19.09949865663444 11.670230037745332 6.80395265353469 6.230187700267429 
17.96882089511182 11.391696768995986 6.74116252074945 6.010787459450661 
16.86648303965625 11.079846028820977 6.732189589250381 6.174684032363054 
15.78970491995195 10.723201363058678 25.129145057385628 6.523897485033501 
14.982595233190077 12.130994903735438 25.999170601975365 -12.467922913568255 
14.22242570141549 13.930900627376353 26.982917131279148 -11.468944098332258 
13.433340948597984 14.52283162215091 27.457977053170534 -8.554440477527415 
12.655213550790151 13.157511219374072 27.974166518447923 -8.079245546822253 
12.166269177938345 11.745779604530496 32.15065428910417 -15.531057007885892 
12.425892980236268 10.494916314414784 31.945865264317074 -28.208899631593212 
13.429214304426914 9.685275493319088 30.770237924442977 -30.915791675764012 
15.321210520292821 9.258626754163421 19.72321392713437 -29.38930321420412 
17.81965224267831 9.051042644378894 12.12681249575255 -22.92211744513027 
18.51326112122581 8.718910916577922 11.77538143865829 -8.233039299509318 
19.51122962030653 8.442558146738296 11.413873929671732 -8.25080613551425 
20.844123884187812 8.216573237606166 11.086091916238496 -8.006886291642317 
22.22645391147003 8.010425916271199 10.920330023354522 -6.760015803780419 
23.04751183611994 7.779050063050707 11.02262790208046 -4.429808616609314 
23.34772111927391 7.526607353278348 11.274893012662377 -2.8685412979106744 
23.35530308448202 7.2664869097026035 11.583941981361766 -2.0949086440504843 
22.562708618966155 7.003305219613263 11.919995661017188 -1.624996512753924 
21.47295216407914 6.7784867758180685 12.09602864982466 -2.629727178449045 
20.338308991069518 6.628887521750182 11.993775245231296 -4.590906412639896 
19.185415809697183 6.573958507346512 11.644889664476176 -6.5315799624433595 
18.05514331660148 6.610276136353652 11.182779232754335 -7.596836617974901 
16.971707780286266 6.7034400742546065 10.756697282609704 -7.214198837708771 
15.929957010036278 6.805942117751381 10.444610854260857 -5.695518099001163 
14.912569444975924 6.882625117627397 10.25410301326577 -3.8189769668896147 
13.90618956211386 6.9189354968135985 10.163609033245539 -2.1426554153591013 
12.90424749078675 6.914980911960308 10.148378981400793 -0.8665621900973264 
