0 0 22.0 8.4853 8.4853 0 
-0.03455604241274225 0.993952085485517 21.01873904417716 8.846880389055517 8.157889071159204 -5.983147730213247 
-0.09591284414189731 1.9888148048236467 20.049206721082843 9.205008860809155 7.8795444024951955 -4.618471014663143 
-0.17555251070520256 2.9841342519693796 19.076640967974328 24.979713185488137 7.651138774030761 -3.138072574381866 
-0.20206132702060683 3.971073262336954 18.03542895693246 24.838787598025856 7.987927917176866 9.142955906300571 
-0.16104510945745582 4.948726414923579 17.066273108368236 40.9727213317559 8.626716221158304 11.898838124155809 
-0.15398910593272752 5.943228196134649 16.057175941431574 22.870542798802465 8.326794699968586 -5.99730435181597 
-0.054514446688855134 6.894851953524778 15.187449560623802 38.69068957347936 9.440866912213863 16.900952803093965 
0.05578441461072037 7.888565480608305 14.198096639024737 22.5861247550068 9.692615027187156 1.0985744252246121 
0.26401397741176713 8.806908216915762 13.527991127242704 35.150361406384384 11.74712710086132 19.668733409015886 
0.594887278886126 9.573248368805773 13.535549401004824 31.636364672381156 13.369690163278374 33.413499797051074 
1.0535165918409672 10.422034748123963 13.16003870535291 30.20789350960018 12.082501921043058 15.25399760074373 
1.5927621798673521 11.159797272995512 13.4271760924657 28.74843582608769 10.970403895383521 23.9603429449744 
2.2270082509671036 11.818355534005766 14.135732198071485 27.777902374799222 10.183444713015154 23.891741264750515 
2.9491395260589446 12.403208024936955 15.248160330472627 23.00597545551433 9.649584162149917 21.68008938479072 
3.736941201782833 12.892368737168885 30.91397314454737 12.70122758893801 9.353383708649542 21.980215540563194 
4.587821844937354 13.417671204657292 29.864850008155408 14.844893365457335 8.819236995292014 0.4417721354099058 
5.446719600670232 13.92702406241975 28.546138163778895 15.865541544773306 8.332250387554357 3.062528461757104 
6.318848084985607 14.406338690066695 27.02195948213481 15.787034573520566 7.9079322045206775 5.637331784835197 
7.207957043525059 14.840850289582553 25.368190332728783 14.902905925573915 7.569621377565352 8.269102388355734 
8.115987033732603 15.218374747081647 23.700074102734888 13.679911164893419 7.336370281754403 10.459481217215568 
9.043980282269425 15.534289781624276 22.137050232091138 12.535040468619808 7.206072765085802 11.393758555966158 
9.991782347379104 15.792014167826324 20.73472521269121 11.658808397326887 7.153136338344278 10.821400728829794 
10.956794128483647 15.999947637532413 19.480263100239494 11.063919934979426 7.141339306117291 9.191635699171314 
11.934724305373303 16.169216360919062 18.333893906409703 10.707700748788 7.13380395439439 7.035091405544371 
12.92104919636278 16.312447018748454 17.258090359343274 10.55329721203015 7.097156858031785 4.676884772841063 
13.911703975652376 16.4428318176471 16.227042077585097 10.582997099437636 26.426638934483954 2.2945294141173918 
14.849819750136003 16.654849171194325 15.532278789412718 12.466126750950446 28.37991702532549 -15.892798667500543 
15.770462932820672 16.948037797066625 14.933674997828543 15.13080932046668 30.987800926025752 -14.93906959878025 
16.676143076527534 17.311158790065644 14.354876084572481 14.490912463180871 33.88770824563938 -12.640329655015567 
17.556422979250556 17.73733522908799 13.825195096362252 13.173832944027058 34.15601119456435 -12.035683059081528 
18.40423142763763 18.224031898745228 13.370629987304481 12.012803263975496 32.918771269075805 -12.156796181689494 
19.212529111118545 18.770357448018324 13.020419427302464 10.987345635376272 31.80827835573014 -12.680068498387232 
19.975667460533597 19.375257418591993 12.791498509140492 10.091168040871416 30.82892774962438 -13.144710083025974 
20.68875516320326 20.036662461903813 12.699863455223083 9.317824885760201 29.98451196015953 -13.443421118856822 
21.34768587444533 20.751422115378414 12.76511575632549 8.659456854232486 29.272723408352025 -13.554446430007978 
21.948990807602097 21.515468341308512 13.018119503496509 8.107998418053732 28.686159971814078 -13.521313569514643 
22.489731061541605 22.32409068288229 13.510591105216477 7.6568366419937055 23.056809541878142 -13.402896500205394 
22.945081144353193 23.168054713434937 14.857665163855748 7.363712576918351 17.257345743884972 -16.470131031062802 
23.301427630367225 24.044150151235705 17.778956429015484 7.269880643893982 13.643025954191941 -18.951493070122737 
23.594190884067178 24.96980403295025 21.242644167619922 7.218453101725849 12.135977450125417 -13.868647504206336 
23.847107870055765 25.926573865520034 24.075533772345935 7.118622643466791 11.626496183440254 -8.256927391771136 
24.06321046214977 26.89588503787062 23.67133842046723 7.033854515457024 11.305742210623922 -6.730455454207885 
24.248335229762212 27.873821724650398 22.51913481142714 6.9608445164050305 11.093412987615489 -5.554459072986674 
24.410238171774196 28.857989854807265 21.426180161832928 6.879621159673762 10.996260825542674 -4.135457275041382 
24.554634320279057 29.846046441230882 20.368034176827408 6.79035753268444 10.971511445737612 -3.0837322326370114 
24.68431485355945 30.836589393496993 19.326940325502083 6.703987357013094 10.969877050367495 -2.568080923774531 
24.798749902809078 31.828949629090992 18.291468758920796 6.638857324735415 10.940179706286667 -2.6426279047611985 
24.89437889197989 32.82275427764354 17.256586924221782 6.617061918343452 10.838052798010612 -3.2466298416189474 
24.965401668902935 33.81748415237059 16.223711234530768 6.662431111312563 10.63496856944138 -4.24075395265524 
25.004791186827116 34.81217408537165 15.19972959732908 6.800529227000835 10.322816298159802 -5.455983842097709 
25.00528840977752 35.805281645591144 14.194720133534066 7.060054971711247 9.9119377668451 -6.730850675974672 
24.96022065233688 36.79468658608871 13.219005744219345 7.475213186187037 9.424170295537097 -7.932710024516922 
24.86404925455128 37.777762904731446 12.280581974170667 8.089361842801884 8.884433261572806 -8.970337099420085 
